2.9473684210526314
3.06
3.050909090909091
3.0566666666666666
3.0523076923076924
3.0685714285714285
3.0844444444444443
3.0757894736842104
3.025
3.005714285714286
3.0114285714285716
3.02
2.9473684210526314
3.02
3.013333333333333
2.9575757575757575
2.959247648902821
3.08
3.0844444444444443
3.0714285714285716
3.0492307692307694
3.0566666666666666
3.050909090909091
3.064
2.938181818181818
3.0566666666666666
3.0512
3.0592
3.055
3.0533333333333332
3.0516666666666667
3.0516666666666667
3.0744827586206895
3.0483333333333333
3.078666666666667
3.05
3.0748387096774192
3.08
3.090909090909091
3.0976470588235294
3.097142857142857
3.0966666666666667
3.096216216216216
3.1
3.1015384615384614
3.105
3.1063414634146342
3.1085714285714285
3.1116279069767443
3.1081818181818184
3.110222222222222
3.1156521739130434
3.12
3.12
3.1208163265306124
3.1232
3.1192156862745097
3.1161538461538463
3.110943396226415
3.1125925925925926
3.046666666666667
3.1157142857142857
3.1136842105263156
3.1151724137931036
3.12
3.1226666666666665
3.1265573770491804
3.1270967741935483
3.125714285714286
3.13125
3.1335384615384614
3.1351515151515152
3.1301492537313433
3.1276470588235292
3.123478260869565
3.125714285714286
3.124507042253521
3.1266666666666665
3.1265753424657534
3.1237837837837836
3.122133333333333
3.1242105263157893
3.122597402597403
3.123076923076923
3.121012658227848
3.1175
3.1204938271604936
3.1234146341463416
3.1248192771084335
3.124285714285714
3.1261176470588237
3.125581395348837
3.125057471264368
3.1236363636363635
3.1262921348314605
3.124
3.1213186813186815
3.123913043478261
3.1247311827956987
3.125531914893617
